height: 1536
width: 2048
distortion_model: "rational_polynomial"
D: [0.4047389030456543, -2.626350164413452, 0.00027515311376191676, -5.470857649925165e-05, 1.6036430597305298, 0.285593181848526, -2.4465601444244385, 1.5245165824890137]
K: [963.1787109375, 0.0, 1020.224365234375, 0.0, 962.905517578125, 779.256591796875, 0.0, 0.0, 1.0]
R: [1.0, 0.0, 0.0, 0.0, 1.0, 0.0, 0.0, 0.0, 1.0]
P: [963.1787109375, 0.0, 1020.224365234375, 0.0, 0.0, 962.905517578125, 779.256591796875, 0.0, 0.0, 0.0, 1.0, 0.0]

